9.129264137963666e-05
8.7738037109375e-05
0.0001354217529296875
9.098052978517845e-05
0.00010280609130863816
9.851455688481003e-05
0.0003781318664550781
0.00019664764404292434
0.0003855705261230913
0.00014429092407231003
0.00014390945434572533
0.00024156570434574753
0.00021066665649416283
0.00010013580322265625
0.00010480880737306908
0.00016984939575193092
0.00016508102416989967
0.00011281967163090378
0.0002342224121093528
9.460449218745559e-05
9.76562500000222e-05
0.0001556396484374556
0.00011520385742191941
0.00012617111206059128
0.00017404556274414062
0.00010881423950193092
0.00019102096557621628
0.0001457214355469194
0.0002861976623534934
0.00010156631469726562
9.622573852541283e-05
0.00011425018310551316
7.85827636718972e-05
0.00017004013061527878
0.00011510848999018997
0.00012340545654299095
0.00010194778442385033
0.0001998901367187278
0.00038738250732417434
0.00019884109497070312
0.0001560211181640403
0.00040912628173828125
0.0001968383789062722
0.00018444061279299095
0.0001476287841797319
0.00023527145385737747
0.00018014907836916283
0.00016069412231445312
0.00013341903686525658
0.00017223358154294655
0.00016460418701169655
0.00012407302856443092
0.00011568069458012253
0.00021839141845703125
0.00012035369873042434
0.00011796951293940872
0.00020313262939453125
8.420944213871628e-05
0.00012254714965820312
5.826950073239967e-05
0.00013017654418945312
0.00013322830200190872
0.00013704299926753372
0.00015125274658200905
0.00010862350463869408
0.00016279220581050247
0.00011548995971677467
0.00045881271362302467
0.00017118453979492188
0.0001956939697265181
7.114410400388405e-05
0.00013189315795902878
9.889602661128372e-05
0.00013780593872070312
0.00011072158813474342
0.00012950897216801316
8.020401000974342e-05
0.00011367797851558059
0.00016813278198246628
7.638931274411842e-05
0.00010805130004887253
0.00016527175903324753
9.603500366206497e-05
0.00011072158813474342
7.963180541992188e-05
0.0003680229187011941
9.784698486325905e-05
0.00011262893676755592
0.00010738372802732155
0.00010499954223630592
9.841918945308059e-05
0.00015268325805661842
0.00014514923095698684
0.00015392303466799095
0.00010576248168947533
7.724761962890625e-05
0.00013217926025388405
7.066726684568092e-05
0.00010576248168947533
0.00012722015380861595
0.0001300811767578347
0.00019750595092771217
0.00015316009521482155
0.0001247406005859819
0.00014524459838871628
0.00016613006591792434
0.00017004013061527878
0.00012607574462886184
7.762908935549095e-05
7.143020629885033e-05
0.00010080337524409622
0.00010385513305666283
0.00010156631469726562
0.00016641616821289062
0.00014410018920896217
0.000133514404296875
0.00019922256469728783
0.00014085769653315872
0.00012636184692382812
0.00012607574462886184
0.00021800994873044655
0.0001270294189452681
9.76562500000222e-05
0.00013647079467771217
0.00012273788452143997
0.00012731552124023438
7.896423339848191e-05
0.00014219284057614967
0.0002388000488281472
0.00016317367553708717
0.00013256072998046875
0.00019254684448244408
0.00010623931884767845
0.00011310577392575905
0.00015583038330080345
0.00014495849609375
8.382797241213158e-05
0.00010728836059570312
0.0004066467285156472
0.00011301040649414062
0.00040798187255863816
0.00012598037719724342
0.00011749267578120559
8.325576782231003e-05
6.67572021484375e-05
0.00010175704956050247
8.182525634770066e-05
0.00018310546875
0.00015306472778320312
0.00015459060668943092
0.0001361846923828569
0.00013675689697267845
0.00010499954223630592
8.573532104494408e-05
6.303787231443092e-05
0.00010652542114253372
9.050369262697533e-05
