0.2372867202361103
0.3038169613429216
0.2977124322396023
0.1904245819711088
0.7349686305226177
0.49301332551912247
0.5476904132262536
0.4895524628612642
0.6751576505962029
0.38206921115984527
0.2933532215339857
0.5641589733988162
0.6883156036422495
0.31634093298575605
0.435741871798934
0.8149311621939911
0.5729851356426616
0.45334157222956495
0.765309446073636
0.3803565750712641
0.4397127723571922
0.8047502074495723
0.4841600203405829
0.7497011507496436
0.7773539848597818
0.5242884950516769
0.46677081613819194
0.7196422893569783
0.8061415598213663
0.5729584081610495
0.34416784193727434
0.35424922642636125
0.22682256497409237
0.35640819760942755
0.6551501225863561
0.42264637519955595
0.47610646234499443
0.8429158048323286
0.32661965768881784
0.5772590399820967
0.4950369974818004
0.2770466880634236
0.7606439079621861
0.5283820927535012
0.8668662595595754
0.48942145665605696
0.870326152826909
0.8446291333427134
0.5157928949767845
0.7959320772986465
0.6192544223595741
0.6016490440701551
0.3827984698032082
0.458919583793563
0.49415512907296355
0.5623352728529663
0.8214825803292383
0.2696417908132799
0.6093932280039751
0.35559072442830886
0.4739717259250479
0.4103590733291308
0.45775880788230827
0.6413806226035281
0.36256922833190597
0.5629581755073236
0.3869376288596976
0.3471447017545415
0.8642820029048479
0.8388105744442069
0.31831793571888345
0.34378243996149027
0.3259514706485167
0.4346044997446349
0.5640825300317185
0.4711693564022428
0.23485230365964316
0.5226078488504136
0.8664190935589262
0.3829123039476906
0.5360415242585824
0.6450850792518299
0.38090538859265544
0.3952410126419603
0.3553943536048587
0.30925454976518596
0.43104586712813353
0.46304697167939435
0.47001121169384097
0.4699709127448819
0.5313009276236416
0.452688203015857
0.3839804338216477
0.509799845783816
0.3678799650797836
0.3020449154636069
0.5197725200497658
0.22066236515777804
0.5390865183813062
0.508722852910775
0.638886103814524
0.8490469229328994
0.5168234955889961
0.5352194810935611
0.6576551661867722
0.7140235633909391
0.5497334729994272
0.5000725658049985
0.35321779490798544
0.25981715632890146
0.4415925590691192
0.40983892607040107
0.4909555864037163
0.38378073937354107
0.39074096334152797
0.37707726541026265
0.5260709272580428
0.5372518775709622
0.4121110389761463
0.45266479915890134
0.8458123437203989
0.5289619267716859
0.47959488339062895
0.4779678306369505
0.5194437581775015
0.49045704270525325
0.5298774468801689
0.567442022137556
0.579226902747419
0.5315526921913655
0.4456786786154666
0.6458871806689127
0.5859205443210888
0.7923518411218784
0.9005171282996669
0.7373717496335703
0.5514113495134767
0.4245413951911583
0.29445431068578565
0.589871641615769
0.3791161706526158
0.489616996573343
0.3901702692911484
0.2611722257981962
0.36775394431156105
0.43381998584135895
0.27650659905675534
0.7064491612833179
0.6676264556091152
0.6872928966385968
0.47415563315603637
0.45985795382155903
0.5562387758425665
0.37153082828050066
0.3815910246624028
0.8350305053349715
0.435206491260529
